0 0.406995 0.548500 0.071914 0.090507
0 0.200730 0.681884 0.044607 0.091304
0 0.572587 0.165942 0.045418 0.111594
0 0.292782 0.812319 0.017843 0.036232
0 0.280211 0.818116 0.015410 0.030435
0 0.126521 0.831884 0.035685 0.081159
0 0.108273 0.814493 0.015410 0.043478
0 0.277778 0.838406 0.028386 0.039130
0 0.140308 0.817391 0.022709 0.034783
0 0.831071 0.699884 0.083796 0.103652
0 0.179599 0.119036 0.073666 0.097087
0 0.078727 0.194732 0.061784 0.090507
0 0.075503 0.246565 0.044290 0.049362
0 0.717307 0.503254 0.057178 0.069116
0 0.638118 0.495022 0.059027 0.072391
0 0.574578 0.550145 0.044290 0.057594
0 0.435998 0.662036 0.065474 0.083928
