0 0.585677 0.745130 0.033155 0.049362
0 0.976099 0.408638 0.038670 0.077333
0 0.806164 0.088601 0.059951 0.095435
0 0.509708 0.100935 0.054323 0.074043
0 0.434157 0.165116 0.041533 0.070754
0 0.137656 0.720449 0.063633 0.111884
0 0.620620 0.730326 0.035077 0.052652
0 0.544607 0.873913 0.017032 0.031884
0 0.214923 0.849275 0.038929 0.107246
0 0.788256 0.666152 0.071825 0.102014
0 0.554367 0.808486 0.038678 0.060884
0 0.473337 0.780507 0.053406 0.090493
0 0.530819 0.877536 0.020276 0.036232
0 0.937887 0.796964 0.052482 0.090507
0 0.966431 0.579768 0.065385 0.120116
