0 0.565418 0.125623 0.066294 0.090493
0 0.674027 0.199667 0.059019 0.100377
0 0.146452 0.181565 0.053406 0.070754
0 0.156533 0.508188 0.053504 0.072406
0 0.402433 0.495848 0.075507 0.110246
0 0.236180 0.699877 0.082044 0.123406
0 0.799258 0.560022 0.053504 0.080623
0 0.761553 0.719630 0.036829 0.054304
0 0.896865 0.675203 0.044290 0.077333
0 0.656934 0.841304 0.016221 0.036232
0 0.104217 0.723188 0.077048 0.078261
0 0.640714 0.849275 0.025953 0.043478
0 0.238443 0.796377 0.019465 0.033333
0 0.737226 0.121739 0.058394 0.095652
0 0.067721 0.738406 0.070560 0.079710
0 0.243715 0.812319 0.033252 0.082609
